 time:   4.7683210000000003     
 time:   6.4779070000000001     
 time:   4.7146000000000008     
