 time:   1.0720490000000000     
 time:   1.2282850000000001     
 time:   1.0395799999999999     
